1 3 0 367 26 113 -1 -1 -1 0 
1 2 277 155 363 325 -1 -1 -1 0 
1 1 108 376 177 104 -1 -1 -1 0 
2 3 0 371 26 109 -1 -1 -1 0 
2 2 282 156 358 323 -1 -1 -1 0 
2 1 108 376 179 104 -1 -1 -1 0 
3 3 0 371 27 109 -1 -1 -1 0 
3 2 282 156 358 324 -1 -1 -1 0 
3 1 108 376 179 104 -1 -1 -1 0 
4 4 288 356 101 115 -1 -1 -1 0 
4 3 0 371 26 109 -1 -1 -1 0 
4 2 280 156 360 324 -1 -1 -1 0 
4 1 107 376 180 104 -1 -1 -1 0 
5 4 287 358 102 115 -1 -1 -1 0 
5 3 0 371 28 109 -1 -1 -1 0 
5 2 278 155 362 324 -1 -1 -1 0 
5 1 107 377 180 103 -1 -1 -1 0 
6 4 286 358 103 115 -1 -1 -1 0 
6 3 0 371 26 109 -1 -1 -1 0 
6 2 280 156 360 324 -1 -1 -1 0 
6 1 107 377 179 103 -1 -1 -1 0 
7 4 286 359 103 115 -1 -1 -1 0 
7 3 0 371 26 109 -1 -1 -1 0 
7 2 279 156 361 324 -1 -1 -1 0 
7 1 107 377 178 103 -1 -1 -1 0 
8 4 285 359 104 115 -1 -1 -1 0 
8 3 0 371 26 109 -1 -1 -1 0 
8 2 280 155 360 325 -1 -1 -1 0 
8 1 107 377 177 103 -1 -1 -1 0 
9 4 285 360 103 114 -1 -1 -1 0 
9 3 0 369 26 111 -1 -1 -1 0 
9 2 279 156 361 324 -1 -1 -1 0 
9 1 107 377 178 103 -1 -1 -1 0 
10 4 285 359 104 115 -1 -1 -1 0 
10 3 0 369 26 111 -1 -1 -1 0 
10 2 280 155 360 325 -1 -1 -1 0 
10 1 107 377 178 103 -1 -1 -1 0 
11 4 286 359 103 114 -1 -1 -1 0 
11 3 0 371 26 109 -1 -1 -1 0 
11 2 278 156 362 324 -1 -1 -1 0 
11 1 106 378 177 102 -1 -1 -1 0 
12 4 286 357 104 116 -1 -1 -1 0 
12 3 0 370 28 110 -1 -1 -1 0 
12 2 277 156 363 324 -1 -1 -1 0 
12 1 106 378 178 102 -1 -1 -1 0 
13 4 287 354 103 119 -1 -1 -1 0 
13 3 0 368 26 112 -1 -1 -1 0 
13 2 275 154 365 326 -1 -1 -1 0 
13 1 107 378 176 102 -1 -1 -1 0 
14 3 0 371 26 109 -1 -1 -1 0 
14 2 264 159 376 321 -1 -1 -1 0 
14 1 107 378 172 102 -1 -1 -1 0 
15 2 264 162 375 317 -1 -1 -1 0 
15 1 107 379 166 101 -1 -1 -1 0 
16 5 389 294 133 176 -1 -1 -1 0 
16 3 0 372 29 108 -1 -1 -1 0 
16 2 197 163 439 316 -1 -1 -1 0 
16 1 107 378 164 102 -1 -1 -1 0 
17 5 371 293 131 170 -1 -1 -1 0 
17 3 0 372 27 108 -1 -1 -1 0 
17 2 33 164 597 315 -1 -1 -1 0 
17 1 106 378 165 102 -1 -1 -1 0 
18 5 350 295 137 168 -1 -1 -1 0 
18 1 107 379 165 101 -1 -1 -1 0 
19 5 359 297 134 171 -1 -1 -1 0 
19 2 40 165 593 315 -1 -1 -1 0 
19 1 107 378 163 102 -1 -1 -1 0 
20 5 359 299 133 146 -1 -1 -1 0 
20 1 106 378 165 102 -1 -1 -1 0 
22 5 364 307 134 160 -1 -1 -1 0 
22 3 0 372 27 108 -1 -1 -1 0 
22 1 106 379 163 101 -1 -1 -1 0 
23 5 360 307 136 163 -1 -1 -1 0 
23 3 0 370 27 110 -1 -1 -1 0 
24 5 358 306 135 159 -1 -1 -1 0 
24 3 0 370 25 110 -1 -1 -1 0 
24 2 15 164 624 316 -1 -1 -1 0 
25 5 359 306 135 163 -1 -1 -1 0 
25 3 0 371 26 109 -1 -1 -1 0 
25 2 17 164 622 316 -1 -1 -1 0 
26 5 355 305 137 167 -1 -1 -1 0 
26 3 0 370 27 110 -1 -1 -1 0 
26 2 37 166 591 313 -1 -1 -1 0 
27 5 357 303 137 148 -1 -1 -1 0 
27 3 0 372 26 108 -1 -1 -1 0 
27 2 14 164 621 316 -1 -1 -1 0 
28 5 356 305 135 154 -1 -1 -1 0 
29 5 358 306 137 152 -1 -1 -1 0 
29 3 0 371 26 109 -1 -1 -1 0 
29 1 107 380 164 100 -1 -1 -1 0 
30 5 365 308 132 164 -1 -1 -1 0 
30 1 107 380 164 100 -1 -1 -1 0 
31 5 356 309 140 166 -1 -1 -1 0 
31 2 273 164 351 315 -1 -1 -1 0 
32 5 351 311 134 157 -1 -1 -1 0 
32 2 8 162 623 318 -1 -1 -1 0 
33 5 353 311 137 163 -1 -1 -1 0 
33 3 0 372 26 108 -1 -1 -1 0 
34 5 353 311 138 165 -1 -1 -1 0 
34 3 0 369 26 111 -1 -1 -1 0 
35 5 353 309 136 162 -1 -1 -1 0 
35 3 0 370 26 110 -1 -1 -1 0 
36 5 354 310 136 156 -1 -1 -1 0 
37 5 348 314 134 157 -1 -1 -1 0 
37 2 17 165 614 315 -1 -1 -1 0 
38 5 347 317 131 162 -1 -1 -1 0 
38 3 0 372 27 108 -1 -1 -1 0 
38 2 12 159 624 321 -1 -1 -1 0 
39 5 340 321 136 158 -1 -1 -1 0 
39 2 20 155 616 325 -1 -1 -1 0 
40 5 334 332 137 148 -1 -1 -1 0 
40 2 274 159 366 320 -1 -1 -1 0 
41 5 328 342 139 138 -1 -1 -1 0 
41 3 0 371 27 109 -1 -1 -1 0 
41 2 278 160 361 320 -1 -1 -1 0 
42 5 328 342 137 138 -1 -1 -1 0 
42 3 0 370 25 110 -1 -1 -1 0 
42 2 271 162 368 318 -1 -1 -1 0 
43 5 324 345 137 135 -1 -1 -1 0 
43 2 234 162 405 317 -1 -1 -1 0 
44 5 353 369 122 111 -1 -1 -1 0 
44 2 270 162 367 318 -1 -1 -1 0 
44 1 105 379 171 101 -1 -1 -1 0 
45 2 271 162 369 318 -1 -1 -1 0 
45 1 106 379 177 101 -1 -1 -1 0 
46 2 279 164 360 316 -1 -1 -1 0 
46 1 106 378 177 102 -1 -1 -1 0 
47 3 0 371 37 109 -1 -1 -1 0 
47 2 279 174 361 306 -1 -1 -1 0 
47 1 106 378 179 102 -1 -1 -1 0 
48 3 0 370 38 110 -1 -1 -1 0 
48 2 271 176 369 304 -1 -1 -1 0 
48 1 106 376 177 104 -1 -1 -1 0 
49 2 265 176 374 304 -1 -1 -1 0 
49 1 112 376 169 104 -1 -1 -1 0 
50 3 0 370 38 110 -1 -1 -1 0 
50 2 257 171 382 309 -1 -1 -1 0 
50 1 116 381 161 99 -1 -1 -1 0 
51 3 0 369 37 111 -1 -1 -1 0 
51 2 274 169 366 311 -1 -1 -1 0 
51 1 116 386 160 94 -1 -1 -1 0 
52 3 0 371 37 109 -1 -1 -1 0 
52 2 270 168 370 312 -1 -1 -1 0 
52 1 116 388 160 92 -1 -1 -1 0 
53 2 272 166 368 314 -1 -1 -1 0 
53 1 113 387 163 93 -1 -1 -1 0 
54 3 0 370 37 110 -1 -1 -1 0 
54 2 267 166 373 314 -1 -1 -1 0 
54 1 113 388 162 92 -1 -1 -1 0 
55 3 0 370 36 110 -1 -1 -1 0 
55 2 271 171 369 309 -1 -1 -1 0 
55 1 112 387 166 93 -1 -1 -1 0 
56 3 0 370 38 110 -1 -1 -1 0 
56 2 276 175 364 305 -1 -1 -1 0 
56 1 113 388 165 92 -1 -1 -1 0 
57 4 279 333 172 147 -1 -1 -1 0 
57 3 0 370 37 110 -1 -1 -1 0 
57 2 357 163 283 317 -1 -1 -1 0 
57 1 113 388 167 92 -1 -1 -1 0 
58 4 271 331 152 149 -1 -1 -1 0 
58 3 0 369 35 111 -1 -1 -1 0 
58 2 271 145 368 334 -1 -1 -1 0 
58 1 111 388 163 92 -1 -1 -1 0 
59 3 0 368 38 112 -1 -1 -1 0 
59 2 252 113 388 366 -1 -1 -1 0 
59 1 113 388 143 92 -1 -1 -1 0 
60 3 0 367 35 113 -1 -1 -1 0 
60 2 225 80 415 400 -1 -1 -1 0 
60 1 113 387 126 93 -1 -1 -1 0 
61 2 194 59 446 420 -1 -1 -1 0 
61 1 112 387 125 93 -1 -1 -1 0 
62 3 0 372 32 108 -1 -1 -1 0 
62 2 163 2 477 477 -1 -1 -1 0 
62 1 112 387 124 92 -1 -1 -1 0 
63 3 0 373 38 107 -1 -1 -1 0 
63 2 147 2 493 477 -1 -1 -1 0 
64 3 0 373 34 107 -1 -1 -1 0 
64 2 142 1 498 478 -1 -1 -1 0 
65 5 371 412 63 68 -1 -1 -1 0 
65 2 133 0 506 479 -1 -1 -1 0 
66 2 118 3 522 475 -1 -1 -1 0 
67 2 116 5 524 474 -1 -1 -1 0 
68 2 165 2 473 477 -1 -1 -1 0 
68 1 112 387 125 93 -1 -1 -1 0 
69 2 206 64 433 415 -1 -1 -1 0 
69 1 111 389 130 91 -1 -1 -1 0 
70 2 207 71 432 409 -1 -1 -1 0 
70 1 111 389 131 91 -1 -1 -1 0 
71 3 0 370 28 110 -1 -1 -1 0 
71 2 220 98 419 381 -1 -1 -1 0 
71 1 111 390 133 90 -1 -1 -1 0 
72 2 238 118 401 361 -1 -1 -1 0 
72 1 111 390 142 90 -1 -1 -1 0 
73 4 333 333 76 95 -1 -1 -1 0 
73 2 245 127 394 352 -1 -1 -1 0 
73 1 112 390 147 90 -1 -1 -1 0 
74 4 335 333 72 93 -1 -1 -1 0 
74 2 242 124 397 355 -1 -1 -1 0 
74 1 112 390 144 90 -1 -1 -1 0 
75 2 243 123 397 356 -1 -1 -1 0 
75 1 112 390 140 90 -1 -1 -1 0 
76 2 239 121 400 358 -1 -1 -1 0 
76 1 112 390 140 90 -1 -1 -1 0 
77 2 238 119 401 360 -1 -1 -1 0 
77 1 112 390 141 90 -1 -1 -1 0 
78 2 242 120 398 359 -1 -1 -1 0 
78 1 112 390 140 90 -1 -1 -1 0 
79 3 0 367 27 113 -1 -1 -1 0 
79 2 239 119 400 360 -1 -1 -1 0 
79 1 112 390 141 90 -1 -1 -1 0 
80 3 0 366 28 114 -1 -1 -1 0 
80 2 239 120 400 359 -1 -1 -1 0 
80 1 112 390 140 90 -1 -1 -1 0 
81 3 0 366 28 114 -1 -1 -1 0 
81 2 239 120 400 359 -1 -1 -1 0 
81 1 112 390 140 90 -1 -1 -1 0 
82 2 238 120 401 359 -1 -1 -1 0 
82 1 112 390 140 90 -1 -1 -1 0 
83 2 216 119 423 360 -1 -1 -1 0 
83 1 111 390 131 90 -1 -1 -1 0 
84 2 180 113 460 366 -1 -1 -1 0 
84 1 111 389 130 91 -1 -1 -1 0 
85 2 116 93 520 387 -1 -1 -1 0 
86 2 52 83 561 397 -1 -1 -1 0 
87 2 0 92 490 387 -1 -1 -1 0 
88 4 349 330 147 149 -1 -1 -1 0 
88 2 1 97 484 382 -1 -1 -1 0 
89 2 0 96 484 383 -1 -1 -1 0 
90 2 0 84 489 395 -1 -1 -1 0 
91 2 13 62 614 417 -1 -1 -1 0 
92 2 89 17 547 462 -1 -1 -1 0 
92 1 20 412 150 67 -1 -1 -1 0 
93 6 112 389 126 91 -1 -1 -1 0 
93 2 182 17 457 462 -1 -1 -1 0 
94 7 350 332 72 42 -1 -1 -1 0 
94 6 112 389 128 91 -1 -1 -1 0 
94 2 214 7 425 473 -1 -1 -1 0 
95 7 349 332 73 66 -1 -1 -1 0 
95 6 112 389 172 91 -1 -1 -1 0 
95 2 279 40 360 439 -1 -1 -1 0 
96 7 286 332 136 148 -1 -1 -1 0 
96 6 112 389 177 91 -1 -1 -1 0 
96 2 325 73 315 406 -1 -1 -1 0 
97 8 527 278 102 87 -1 -1 -1 0 
97 7 284 332 159 148 -1 -1 -1 0 
97 6 113 389 175 91 -1 -1 -1 0 
98 9 519 379 20 39 -1 -1 -1 0 
98 7 286 332 204 148 -1 -1 -1 0 
98 6 111 389 178 91 -1 -1 -1 0 
99 7 285 332 209 148 -1 -1 -1 0 
99 6 111 390 172 90 -1 -1 -1 0 
99 4 413 400 84 79 -1 -1 -1 0 
100 8 485 279 155 201 -1 -1 -1 0 
100 7 285 333 210 147 -1 -1 -1 0 
100 6 113 390 172 90 -1 -1 -1 0 
100 4 412 400 85 79 -1 -1 -1 0 
101 8 484 279 156 201 -1 -1 -1 0 
101 7 286 332 207 148 -1 -1 -1 0 
101 6 112 389 175 91 -1 -1 -1 0 
102 7 285 332 213 148 -1 -1 -1 0 
102 6 111 389 174 91 -1 -1 -1 0 
102 4 413 400 82 63 -1 -1 -1 0 
102 3 0 365 31 115 -1 -1 -1 0 
103 7 285 332 212 148 -1 -1 -1 0 
103 6 110 389 176 91 -1 -1 -1 0 
103 4 413 400 81 62 -1 -1 -1 0 
103 3 0 365 30 115 -1 -1 -1 0 
104 7 286 332 208 148 -1 -1 -1 0 
104 6 111 389 176 91 -1 -1 -1 0 
104 4 413 400 83 70 -1 -1 -1 0 
104 3 0 365 29 115 -1 -1 -1 0 
105 7 285 332 210 148 -1 -1 -1 0 
105 6 111 389 175 91 -1 -1 -1 0 
105 3 0 365 28 115 -1 -1 -1 0 
106 7 285 332 210 148 -1 -1 -1 0 
106 6 110 388 179 92 -1 -1 -1 0 
106 4 413 401 85 78 -1 -1 -1 0 
107 8 450 383 189 97 -1 -1 -1 0 
107 7 285 333 189 147 -1 -1 -1 0 
107 6 108 388 179 92 -1 -1 -1 0 
107 4 413 400 78 46 -1 -1 -1 0 
107 3 0 365 29 115 -1 -1 -1 0 
108 10 497 277 133 101 -1 -1 -1 0 
108 7 286 333 136 147 -1 -1 -1 0 
108 6 110 389 176 91 -1 -1 -1 0 
109 7 349 333 73 72 -1 -1 -1 0 
109 6 110 388 173 92 -1 -1 -1 0 
109 2 283 53 356 426 -1 -1 -1 0 
110 7 349 333 72 72 -1 -1 -1 0 
110 6 109 389 155 91 -1 -1 -1 0 
110 3 0 367 31 113 -1 -1 -1 0 
110 2 257 52 382 427 -1 -1 -1 0 
111 7 348 332 73 79 -1 -1 -1 0 
111 6 108 388 155 92 -1 -1 -1 0 
111 3 0 367 28 113 -1 -1 -1 0 
111 2 248 69 391 410 -1 -1 -1 0 
112 7 347 333 73 79 -1 -1 -1 0 
112 6 113 389 148 91 -1 -1 -1 0 
112 2 249 80 390 399 -1 -1 -1 0 
113 7 348 332 72 80 -1 -1 -1 0 
113 6 116 391 145 89 -1 -1 -1 0 
113 2 249 80 390 399 -1 -1 -1 0 
114 7 350 331 73 84 -1 -1 -1 0 
114 6 115 391 147 89 -1 -1 -1 0 
114 2 249 79 390 400 -1 -1 -1 0 
115 7 353 334 72 70 -1 -1 -1 0 
115 6 114 391 149 89 -1 -1 -1 0 
115 2 252 74 388 405 -1 -1 -1 0 
116 7 352 335 73 70 -1 -1 -1 0 
116 6 113 391 153 89 -1 -1 -1 0 
116 2 263 82 376 397 -1 -1 -1 0 
117 7 353 334 75 77 -1 -1 -1 0 
117 6 113 390 165 90 -1 -1 -1 0 
117 2 276 91 363 388 -1 -1 -1 0 
118 7 352 334 76 81 -1 -1 -1 0 
118 6 113 390 170 90 -1 -1 -1 0 
118 2 282 95 358 385 -1 -1 -1 0 
119 7 352 336 75 77 -1 -1 -1 0 
119 6 112 390 174 90 -1 -1 -1 0 
119 2 284 93 356 386 -1 -1 -1 0 
120 7 351 337 67 78 -1 -1 -1 0 
120 6 113 390 169 90 -1 -1 -1 0 
120 2 284 93 355 386 -1 -1 -1 0 
121 11 491 428 55 52 -1 -1 -1 0 
121 7 351 337 74 79 -1 -1 -1 0 
121 6 112 390 166 90 -1 -1 -1 0 
121 3 0 366 32 114 -1 -1 -1 0 
121 2 275 90 364 389 -1 -1 -1 0 
122 7 350 338 74 80 -1 -1 -1 0 
122 6 112 390 164 90 -1 -1 -1 0 
122 3 0 367 26 113 -1 -1 -1 0 
122 2 273 91 366 389 -1 -1 -1 0 
123 7 349 338 75 81 -1 -1 -1 0 
123 6 112 390 164 90 -1 -1 -1 0 
123 3 0 368 28 112 -1 -1 -1 0 
123 2 273 88 366 392 -1 -1 -1 0 
124 7 349 338 75 81 -1 -1 -1 0 
124 6 111 390 164 90 -1 -1 -1 0 
124 3 0 367 28 113 -1 -1 -1 0 
124 2 273 88 366 392 -1 -1 -1 0 
125 7 344 339 79 83 -1 -1 -1 0 
125 6 112 390 164 90 -1 -1 -1 0 
125 3 0 368 28 112 -1 -1 -1 0 
125 2 274 88 365 392 -1 -1 -1 0 
126 7 349 339 75 81 -1 -1 -1 0 
126 6 110 390 166 90 -1 -1 -1 0 
126 2 275 88 364 392 -1 -1 -1 0 
127 7 349 339 75 79 -1 -1 -1 0 
127 6 110 390 161 90 -1 -1 -1 0 
127 3 0 367 25 113 -1 -1 -1 0 
127 2 268 89 371 391 -1 -1 -1 0 
128 7 351 337 74 81 -1 -1 -1 0 
128 6 110 390 162 90 -1 -1 -1 0 
128 3 0 367 28 113 -1 -1 -1 0 
128 2 268 88 371 392 -1 -1 -1 0 
129 7 352 336 73 77 -1 -1 -1 0 
129 6 110 390 159 90 -1 -1 -1 0 
129 3 0 367 26 113 -1 -1 -1 0 
129 2 266 88 373 392 -1 -1 -1 0 
130 12 273 334 139 146 -1 -1 -1 0 
130 6 112 391 162 89 -1 -1 -1 0 
130 2 272 94 367 385 -1 -1 -1 0 
131 12 276 331 145 149 -1 -1 -1 0 
131 6 112 390 165 90 -1 -1 -1 0 
131 2 275 98 364 381 -1 -1 -1 0 
132 12 277 331 145 149 -1 -1 -1 0 
132 6 111 390 167 90 -1 -1 -1 0 
132 2 275 99 364 380 -1 -1 -1 0 
133 12 276 331 146 149 -1 -1 -1 0 
133 10 566 261 63 128 -1 -1 -1 0 
133 6 112 390 166 90 -1 -1 -1 0 
133 2 277 101 362 378 -1 -1 -1 0 
134 10 567 253 63 135 -1 -1 -1 0 
134 6 111 390 167 90 -1 -1 -1 0 
134 3 0 370 28 110 -1 -1 -1 0 
134 2 277 98 362 381 -1 -1 -1 0 
135 7 336 331 87 93 -1 -1 -1 0 
135 6 111 390 166 90 -1 -1 -1 0 
135 3 0 370 27 110 -1 -1 -1 0 
135 2 276 97 363 382 -1 -1 -1 0 
136 7 337 331 88 94 -1 -1 -1 0 
136 6 111 390 166 90 -1 -1 -1 0 
136 3 0 369 27 111 -1 -1 -1 0 
136 2 276 97 363 382 -1 -1 -1 0 
137 6 111 390 169 90 -1 -1 -1 0 
137 3 0 369 27 111 -1 -1 -1 0 
137 2 276 96 363 383 -1 -1 -1 0 
138 12 279 331 133 149 -1 -1 -1 0 
138 6 108 390 172 90 -1 -1 -1 0 
138 3 0 369 27 111 -1 -1 -1 0 
138 2 280 97 360 382 -1 -1 -1 0 
139 12 279 330 141 150 -1 -1 -1 0 
139 6 112 390 168 90 -1 -1 -1 0 
139 2 276 94 363 385 -1 -1 -1 0 
140 12 278 330 144 150 -1 -1 -1 0 
140 6 111 390 168 90 -1 -1 -1 0 
140 2 277 95 362 384 -1 -1 -1 0 
141 12 278 330 144 150 -1 -1 -1 0 
141 6 111 390 167 90 -1 -1 -1 0 
141 2 278 94 361 385 -1 -1 -1 0 
142 6 110 390 168 90 -1 -1 -1 0 
142 2 276 94 363 385 -1 -1 -1 0 
143 6 109 390 168 90 -1 -1 -1 0 
143 2 276 94 363 385 -1 -1 -1 0 
144 6 110 390 167 90 -1 -1 -1 0 
144 2 275 94 364 385 -1 -1 -1 0 
145 7 331 327 77 99 -1 -1 -1 0 
145 6 110 390 168 90 -1 -1 -1 0 
145 2 273 96 366 383 -1 -1 -1 0 
146 7 322 325 80 101 -1 -1 -1 0 
146 6 111 390 163 90 -1 -1 -1 0 
146 2 270 95 369 384 -1 -1 -1 0 
147 12 276 324 144 155 -1 -1 -1 0 
147 6 110 390 164 90 -1 -1 -1 0 
147 2 270 94 370 385 -1 -1 -1 0 
148 7 328 325 77 101 -1 -1 -1 0 
148 6 109 390 169 90 -1 -1 -1 0 
148 2 277 89 362 390 -1 -1 -1 0 
149 7 330 326 77 101 -1 -1 -1 0 
149 6 110 390 168 90 -1 -1 -1 0 
149 2 278 88 361 391 -1 -1 -1 0 
150 7 332 327 79 99 -1 -1 -1 0 
150 6 111 390 165 90 -1 -1 -1 0 
150 2 275 96 364 383 -1 -1 -1 0 
151 7 336 328 77 92 -1 -1 -1 0 
151 6 110 390 166 90 -1 -1 -1 0 
151 2 276 95 363 385 -1 -1 -1 0 
152 12 273 329 141 150 -1 -1 -1 0 
152 7 338 329 75 84 -1 -1 -1 0 
152 6 110 390 164 90 -1 -1 -1 0 
152 3 0 369 28 111 -1 -1 -1 0 
152 2 275 100 364 380 -1 -1 -1 0 
153 7 335 328 76 80 -1 -1 -1 0 
153 6 110 390 163 90 -1 -1 -1 0 
153 3 0 370 29 110 -1 -1 -1 0 
153 2 272 104 367 375 -1 -1 -1 0 
154 6 110 390 162 90 -1 -1 -1 0 
154 2 269 102 370 377 -1 -1 -1 0 
155 7 330 324 75 81 -1 -1 -1 0 
155 6 110 391 165 89 -1 -1 -1 0 
155 3 0 370 27 110 -1 -1 -1 0 
155 2 275 101 364 378 -1 -1 -1 0 
156 12 272 323 131 156 -1 -1 -1 0 
156 7 326 324 77 86 -1 -1 -1 0 
156 6 109 391 165 89 -1 -1 -1 0 
156 2 274 98 365 382 -1 -1 -1 0 
157 7 331 327 76 92 -1 -1 -1 0 
157 6 111 391 159 89 -1 -1 -1 0 
157 2 267 94 372 386 -1 -1 -1 0 
158 7 336 329 81 91 -1 -1 -1 0 
158 6 110 391 160 89 -1 -1 -1 0 
158 2 268 95 371 384 -1 -1 -1 0 
159 6 111 391 160 89 -1 -1 -1 0 
159 2 267 95 372 385 -1 -1 -1 0 
160 7 356 328 77 85 -1 -1 -1 0 
160 6 111 391 160 89 -1 -1 -1 0 
160 2 265 94 374 386 -1 -1 -1 0 
161 7 354 327 74 89 -1 -1 -1 0 
161 6 112 391 158 89 -1 -1 -1 0 
161 2 266 94 373 386 -1 -1 -1 0 
162 7 350 327 74 89 -1 -1 -1 0 
162 6 112 391 158 89 -1 -1 -1 0 
162 2 265 94 374 386 -1 -1 -1 0 
163 7 349 327 76 90 -1 -1 -1 0 
163 6 112 391 158 89 -1 -1 -1 0 
163 2 266 94 373 385 -1 -1 -1 0 
164 7 336 324 82 95 -1 -1 -1 0 
164 6 112 391 158 89 -1 -1 -1 0 
164 2 267 91 372 389 -1 -1 -1 0 
165 7 329 326 76 98 -1 -1 -1 0 
165 6 112 392 159 88 -1 -1 -1 0 
165 2 266 90 374 390 -1 -1 -1 0 
166 7 330 326 77 98 -1 -1 -1 0 
166 6 112 392 159 88 -1 -1 -1 0 
166 2 267 90 373 390 -1 -1 -1 0 
167 7 335 328 80 97 -1 -1 -1 0 
167 6 111 391 161 89 -1 -1 -1 0 
167 2 268 91 371 389 -1 -1 -1 0 
168 7 335 329 86 95 -1 -1 -1 0 
168 6 111 386 160 94 -1 -1 -1 0 
168 2 268 90 371 390 -1 -1 -1 0 
169 7 334 329 88 95 -1 -1 -1 0 
169 6 111 380 160 100 -1 -1 -1 0 
169 2 267 91 372 389 -1 -1 -1 0 
170 7 337 329 84 92 -1 -1 -1 0 
170 6 111 378 160 102 -1 -1 -1 0 
170 2 267 91 372 389 -1 -1 -1 0 
171 7 337 329 83 93 -1 -1 -1 0 
171 6 112 377 159 103 -1 -1 -1 0 
171 2 267 91 372 389 -1 -1 -1 0 
172 7 335 329 84 96 -1 -1 -1 0 
172 6 112 378 159 102 -1 -1 -1 0 
172 2 268 91 371 389 -1 -1 -1 0 
173 7 335 329 83 95 -1 -1 -1 0 
173 6 111 378 159 102 -1 -1 -1 0 
173 2 268 90 371 390 -1 -1 -1 0 
174 7 335 329 83 95 -1 -1 -1 0 
174 6 111 378 160 102 -1 -1 -1 0 
174 2 267 90 372 390 -1 -1 -1 0 
175 7 334 330 82 96 -1 -1 -1 0 
175 6 111 377 160 103 -1 -1 -1 0 
175 2 267 90 373 390 -1 -1 -1 0 
176 7 334 330 80 96 -1 -1 -1 0 
176 6 111 377 160 103 -1 -1 -1 0 
176 2 267 90 373 390 -1 -1 -1 0 
177 7 335 330 77 92 -1 -1 -1 0 
177 6 111 377 160 103 -1 -1 -1 0 
177 2 266 91 374 389 -1 -1 -1 0 
178 7 336 330 76 91 -1 -1 -1 0 
178 6 111 377 160 103 -1 -1 -1 0 
178 2 266 91 374 389 -1 -1 -1 0 
179 7 334 328 77 93 -1 -1 -1 0 
179 6 111 377 159 103 -1 -1 -1 0 
179 2 267 89 373 391 -1 -1 -1 0 
180 7 331 327 77 98 -1 -1 -1 0 
180 6 111 378 159 102 -1 -1 -1 0 
180 2 266 90 374 390 -1 -1 -1 0 
181 7 329 325 76 99 -1 -1 -1 0 
181 6 111 378 160 102 -1 -1 -1 0 
181 2 266 92 374 388 -1 -1 -1 0 
182 7 324 329 76 95 -1 -1 -1 0 
182 6 110 378 161 102 -1 -1 -1 0 
182 2 266 90 374 390 -1 -1 -1 0 
183 7 326 329 76 96 -1 -1 -1 0 
183 6 111 378 160 102 -1 -1 -1 0 
183 2 266 91 374 389 -1 -1 -1 0 
184 7 332 331 75 92 -1 -1 -1 0 
184 6 111 378 159 102 -1 -1 -1 0 
184 2 265 91 375 389 -1 -1 -1 0 
185 7 336 332 78 87 -1 -1 -1 0 
185 6 111 378 158 102 -1 -1 -1 0 
185 2 265 90 374 389 -1 -1 -1 0 
186 7 340 332 76 86 -1 -1 -1 0 
186 6 112 377 153 103 -1 -1 -1 0 
186 2 259 92 380 388 -1 -1 -1 0 
187 6 111 378 146 102 -1 -1 -1 0 
187 2 248 92 392 387 -1 -1 -1 0 
188 6 111 377 143 103 -1 -1 -1 0 
188 2 233 94 406 385 -1 -1 -1 0 
189 6 112 379 140 101 -1 -1 -1 0 
189 2 234 96 405 383 -1 -1 -1 0 
190 7 333 333 71 78 -1 -1 -1 0 
190 6 113 383 140 97 -1 -1 -1 0 
190 2 243 91 397 389 -1 -1 -1 0 
191 7 336 331 75 80 -1 -1 -1 0 
191 6 113 388 156 92 -1 -1 -1 0 
191 2 262 93 377 386 -1 -1 -1 0 
192 12 277 330 138 150 -1 -1 -1 0 
192 7 340 330 75 79 -1 -1 -1 0 
192 6 113 391 165 89 -1 -1 -1 0 
192 2 278 109 362 370 -1 -1 -1 0 
193 7 345 328 74 76 -1 -1 -1 0 
193 6 114 394 170 86 -1 -1 -1 0 
193 2 285 112 354 368 -1 -1 -1 0 
194 7 278 326 135 153 -1 -1 -1 0 
194 6 113 395 166 85 -1 -1 -1 0 
194 2 281 109 359 370 -1 -1 -1 0 
195 12 273 328 137 151 -1 -1 -1 0 
195 7 333 329 76 86 -1 -1 -1 0 
195 6 113 395 160 85 -1 -1 -1 0 
195 2 271 103 368 377 -1 -1 -1 0 
196 7 337 329 76 82 -1 -1 -1 0 
196 6 113 395 152 85 -1 -1 -1 0 
196 2 260 106 379 374 -1 -1 -1 0 
197 7 345 330 72 71 -1 -1 -1 0 
197 6 114 395 143 85 -1 -1 -1 0 
197 2 253 96 386 384 -1 -1 -1 0 
198 13 522 416 32 64 -1 -1 -1 0 
198 7 348 329 73 64 -1 -1 -1 0 
198 6 113 395 133 85 -1 -1 -1 0 
198 2 236 82 403 397 -1 -1 -1 0 
199 7 347 329 71 64 -1 -1 -1 0 
199 6 113 395 133 85 -1 -1 -1 0 
199 2 231 80 409 400 -1 -1 -1 0 
200 6 114 390 131 90 -1 -1 -1 0 
200 2 232 79 408 401 -1 -1 -1 0 
201 6 113 384 139 96 -1 -1 -1 0 
201 2 235 79 405 400 -1 -1 -1 0 
202 6 113 379 143 101 -1 -1 -1 0 
202 2 236 83 403 396 -1 -1 -1 0 
203 6 116 376 144 104 -1 -1 -1 0 
203 2 238 87 401 392 -1 -1 -1 0 
204 6 115 376 145 104 -1 -1 -1 0 
204 2 244 90 395 390 -1 -1 -1 0 
205 6 114 374 141 106 -1 -1 -1 0 
205 2 243 104 397 375 -1 -1 -1 0 
206 6 112 374 141 106 -1 -1 -1 0 
206 2 233 115 407 364 -1 -1 -1 0 
207 6 109 373 144 107 -1 -1 -1 0 
207 2 231 127 408 352 -1 -1 -1 0 
208 6 109 373 147 107 -1 -1 -1 0 
208 2 231 138 408 341 -1 -1 -1 0 
209 6 110 373 159 107 -1 -1 -1 0 
209 2 236 133 404 346 -1 -1 -1 0 
210 6 112 376 156 104 -1 -1 -1 0 
210 2 240 131 400 348 -1 -1 -1 0 
211 6 115 375 154 105 -1 -1 -1 0 
211 2 240 133 400 347 -1 -1 -1 0 
212 6 117 376 151 104 -1 -1 -1 0 
212 2 243 125 397 354 -1 -1 -1 0 
213 12 337 331 51 97 -1 -1 -1 0 
213 6 117 375 154 105 -1 -1 -1 0 
213 2 250 126 390 353 -1 -1 -1 0 
214 12 337 330 65 97 -1 -1 -1 0 
214 6 117 376 155 104 -1 -1 -1 0 
214 2 255 126 385 353 -1 -1 -1 0 
215 14 470 409 39 71 -1 -1 -1 0 
215 12 337 330 66 98 -1 -1 -1 0 
215 6 116 376 157 104 -1 -1 -1 0 
215 2 260 128 380 351 -1 -1 -1 0 
216 2 350 127 290 353 -1 -1 -1 0 
217 6 116 375 140 105 -1 -1 -1 0 
217 2 190 125 450 354 -1 -1 -1 0 
218 15 178 120 462 360 -1 -1 -1 0 
218 2 224 179 210 246 -1 -1 -1 0 
219 15 237 153 213 273 -1 -1 -1 0 
219 2 166 124 474 355 -1 -1 -1 0 
220 15 241 159 201 283 -1 -1 -1 0 
220 2 159 123 481 356 -1 -1 -1 0 
221 15 153 124 487 355 -1 -1 -1 0 
221 2 241 158 197 286 -1 -1 -1 0 
222 15 153 124 487 355 -1 -1 -1 0 
222 2 243 160 191 283 -1 -1 -1 0 
223 15 147 123 493 356 -1 -1 -1 0 
223 2 239 162 194 284 -1 -1 -1 0 
224 15 238 161 198 286 -1 -1 -1 0 
224 2 132 123 508 356 -1 -1 -1 0 
225 15 242 160 197 287 -1 -1 -1 0 
225 2 144 123 496 356 -1 -1 -1 0 
226 15 247 163 189 286 -1 -1 -1 0 
226 2 159 123 481 356 -1 -1 -1 0 
227 15 242 163 192 285 -1 -1 -1 0 
227 2 153 123 487 356 -1 -1 -1 0 
228 15 156 123 484 356 -1 -1 -1 0 
228 2 242 163 193 286 -1 -1 -1 0 
229 15 148 123 492 356 -1 -1 -1 0 
229 2 240 164 194 284 -1 -1 -1 0 
230 15 237 166 196 282 -1 -1 -1 0 
230 2 149 121 491 358 -1 -1 -1 0 
231 15 236 166 197 284 -1 -1 -1 0 
231 2 152 121 488 358 -1 -1 -1 0 
232 15 237 164 198 287 -1 -1 -1 0 
232 2 153 122 487 357 -1 -1 -1 0 
233 15 239 165 198 284 -1 -1 -1 0 
233 2 150 122 490 357 -1 -1 -1 0 
234 15 152 123 488 356 -1 -1 -1 0 
234 2 236 165 201 285 -1 -1 -1 0 
235 15 161 127 479 352 -1 -1 -1 0 
235 2 236 166 203 284 -1 -1 -1 0 
236 15 154 121 486 358 -1 -1 -1 0 
236 2 236 165 197 285 -1 -1 -1 0 
237 15 236 164 199 286 -1 -1 -1 0 
237 2 146 123 494 356 -1 -1 -1 0 
238 15 237 165 197 285 -1 -1 -1 0 
238 2 149 121 491 358 -1 -1 -1 0 
239 15 237 165 197 286 -1 -1 -1 0 
239 2 147 123 493 356 -1 -1 -1 0 
240 15 158 123 482 356 -1 -1 -1 0 
240 2 237 161 196 290 -1 -1 -1 0 
241 15 154 123 486 356 -1 -1 -1 0 
241 2 238 160 193 292 -1 -1 -1 0 
242 15 239 160 179 304 -1 -1 -1 0 
242 2 168 128 472 352 -1 -1 -1 0 
243 15 239 160 178 306 -1 -1 -1 0 
243 6 117 353 140 127 -1 -1 -1 0 
243 2 165 126 475 354 -1 -1 -1 0 
244 6 116 355 135 125 -1 -1 -1 0 
244 2 167 123 473 356 -1 -1 -1 0 
245 6 114 355 133 125 -1 -1 -1 0 
245 2 211 120 429 359 -1 -1 -1 0 
246 6 109 355 134 125 -1 -1 -1 0 
246 2 165 123 474 357 -1 -1 -1 0 
247 6 103 353 137 127 -1 -1 -1 0 
247 2 88 121 551 359 -1 -1 -1 0 
248 6 99 349 140 131 -1 -1 -1 0 
248 2 144 126 495 354 -1 -1 -1 0 
249 6 100 347 148 133 -1 -1 -1 0 
249 2 331 123 307 357 -1 -1 -1 0 
250 2 213 121 427 359 -1 -1 -1 0 
251 6 117 349 147 131 -1 -1 -1 0 
251 2 127 124 512 355 -1 -1 -1 0 
252 6 119 350 147 130 -1 -1 -1 0 
252 2 225 122 415 357 -1 -1 -1 0 
253 2 167 121 473 358 -1 -1 -1 0 
254 15 233 153 116 293 -1 -1 -1 0 
254 2 162 123 478 357 -1 -1 -1 0 
255 15 203 156 134 296 -1 -1 -1 0 
255 12 335 328 74 96 -1 -1 -1 0 
255 2 143 122 497 357 -1 -1 -1 0 
256 16 305 124 335 355 -1 -1 -1 0 
256 2 192 158 155 285 -1 -1 -1 0 
257 17 129 123 511 356 -1 -1 -1 0 
257 12 339 329 71 89 -1 -1 -1 0 
257 2 193 166 176 289 -1 -1 -1 0 
258 15 138 123 502 356 -1 -1 -1 0 
258 2 191 168 178 295 -1 -1 -1 0 
259 15 123 124 517 355 -1 -1 -1 0 
259 2 192 165 181 296 -1 -1 -1 0 
260 15 127 127 513 352 -1 -1 -1 0 
260 12 339 328 72 87 -1 -1 -1 0 
260 2 188 164 184 296 -1 -1 -1 0 
261 17 184 167 188 295 -1 -1 -1 0 
261 15 147 125 493 354 -1 -1 -1 0 
261 12 338 328 73 86 -1 -1 -1 0 
262 17 184 165 189 296 -1 -1 -1 0 
262 15 121 124 519 355 -1 -1 -1 0 
262 12 339 328 73 89 -1 -1 -1 0 
263 17 185 166 185 295 -1 -1 -1 0 
263 15 120 125 520 354 -1 -1 -1 0 
263 12 339 328 73 89 -1 -1 -1 0 
264 15 114 123 526 356 -1 -1 -1 0 
264 2 186 164 186 296 -1 -1 -1 0 
265 17 175 166 186 291 -1 -1 -1 0 
265 15 150 124 490 355 -1 -1 -1 0 
266 17 168 179 159 292 -1 -1 -1 0 
266 15 334 125 305 355 -1 -1 -1 0 
267 17 128 179 197 301 -1 -1 -1 0 
267 16 331 126 308 353 -1 -1 -1 0 
268 17 122 179 201 301 -1 -1 -1 0 
268 16 327 124 312 356 -1 -1 -1 0 
268 12 336 330 75 91 -1 -1 -1 0 
269 15 327 124 312 356 -1 -1 -1 0 
269 12 336 330 76 92 -1 -1 -1 0 
269 2 125 178 198 302 -1 -1 -1 0 
270 16 328 125 312 355 -1 -1 -1 0 
270 12 336 330 75 91 -1 -1 -1 0 
270 2 126 178 199 302 -1 -1 -1 0 
271 16 328 124 312 355 -1 -1 -1 0 
271 12 338 329 76 92 -1 -1 -1 0 
271 2 126 178 198 302 -1 -1 -1 0 
272 16 329 123 311 357 -1 -1 -1 0 
272 12 338 329 77 92 -1 -1 -1 0 
272 2 127 176 200 304 -1 -1 -1 0 
273 16 322 125 317 355 -1 -1 -1 0 
273 2 114 171 221 308 -1 -1 -1 0 
274 15 181 124 459 355 -1 -1 -1 0 
275 16 218 121 421 359 -1 -1 -1 0 
275 6 138 352 137 128 -1 -1 -1 0 
276 16 241 132 399 348 -1 -1 -1 0 
277 17 139 353 156 127 -1 -1 -1 0 
277 16 276 143 364 336 -1 -1 -1 0 
278 16 272 147 368 332 -1 -1 -1 0 
278 6 139 353 155 127 -1 -1 -1 0 
279 16 268 152 372 327 -1 -1 -1 0 
279 6 139 353 154 127 -1 -1 -1 0 
280 16 271 157 368 322 -1 -1 -1 0 
280 6 139 353 157 127 -1 -1 -1 0 
281 16 278 160 362 319 -1 -1 -1 0 
281 6 139 353 158 127 -1 -1 -1 0 
282 16 280 156 360 323 -1 -1 -1 0 
282 6 139 353 158 127 -1 -1 -1 0 
283 16 271 148 369 332 -1 -1 -1 0 
283 6 138 353 158 127 -1 -1 -1 0 
284 16 268 144 372 335 -1 -1 -1 0 
284 6 135 350 158 130 -1 -1 -1 0 
285 16 264 146 376 334 -1 -1 -1 0 
285 12 337 330 75 98 -1 -1 -1 0 
285 6 134 349 157 131 -1 -1 -1 0 
286 16 261 151 379 328 -1 -1 -1 0 
286 12 338 330 70 90 -1 -1 -1 0 
286 6 132 348 153 132 -1 -1 -1 0 
287 18 0 370 47 110 -1 -1 -1 0 
287 16 261 163 379 317 -1 -1 -1 0 
287 12 338 330 67 98 -1 -1 -1 0 
287 6 131 348 156 132 -1 -1 -1 0 
288 18 0 364 56 115 -1 -1 -1 0 
288 16 260 171 380 309 -1 -1 -1 0 
288 12 337 330 72 98 -1 -1 -1 0 
288 6 131 348 156 132 -1 -1 -1 0 
289 18 0 364 48 115 -1 -1 -1 0 
289 16 264 175 376 305 -1 -1 -1 0 
289 12 337 330 70 97 -1 -1 -1 0 
289 6 131 347 155 133 -1 -1 -1 0 
290 18 0 362 49 118 -1 -1 -1 0 
290 16 273 177 367 303 -1 -1 -1 0 
290 12 333 330 76 103 -1 -1 -1 0 
290 6 130 347 165 133 -1 -1 -1 0 
291 18 0 361 44 119 -1 -1 -1 0 
291 16 275 173 365 307 -1 -1 -1 0 
291 12 272 328 142 151 -1 -1 -1 0 
291 6 131 347 162 133 -1 -1 -1 0 
292 18 0 360 45 120 -1 -1 -1 0 
292 16 279 171 361 308 -1 -1 -1 0 
292 12 278 329 136 151 -1 -1 -1 0 
292 6 132 348 162 132 -1 -1 -1 0 
293 18 0 362 48 118 -1 -1 -1 0 
293 16 289 164 351 315 -1 -1 -1 0 
293 12 281 329 134 147 -1 -1 -1 0 
293 6 136 350 162 130 -1 -1 -1 0 
294 18 0 363 48 117 -1 -1 -1 0 
294 16 281 164 359 315 -1 -1 -1 0 
294 12 277 328 137 149 -1 -1 -1 0 
294 6 140 353 159 127 -1 -1 -1 0 
295 18 0 363 48 117 -1 -1 -1 0 
295 16 287 164 353 316 -1 -1 -1 0 
295 12 280 331 135 146 -1 -1 -1 0 
295 6 147 359 152 121 -1 -1 -1 0 
296 18 0 363 48 117 -1 -1 -1 0 
296 16 270 159 370 320 -1 -1 -1 0 
296 6 150 364 150 116 -1 -1 -1 0 
297 18 0 363 47 117 -1 -1 -1 0 
297 16 270 159 370 320 -1 -1 -1 0 
297 6 152 363 158 117 -1 -1 -1 0 
298 18 0 363 48 117 -1 -1 -1 0 
298 16 272 158 368 322 -1 -1 -1 0 
298 6 151 362 150 118 -1 -1 -1 0 
299 18 0 364 47 116 -1 -1 -1 0 
299 16 273 159 367 321 -1 -1 -1 0 
299 6 152 361 148 119 -1 -1 -1 0 
300 18 0 363 48 117 -1 -1 -1 0 
300 16 272 161 368 319 -1 -1 -1 0 
300 6 150 361 149 119 -1 -1 -1 0 
301 18 0 364 47 116 -1 -1 -1 0 
301 16 276 160 364 320 -1 -1 -1 0 
301 12 274 333 115 143 -1 -1 -1 0 
301 6 151 361 149 119 -1 -1 -1 0 
302 18 0 364 47 116 -1 -1 -1 0 
302 16 275 160 365 320 -1 -1 -1 0 
302 6 151 362 151 118 -1 -1 -1 0 
303 18 0 363 48 117 -1 -1 -1 0 
303 16 275 159 365 321 -1 -1 -1 0 
303 6 151 362 152 118 -1 -1 -1 0 
304 18 0 364 47 116 -1 -1 -1 0 
304 16 274 156 366 324 -1 -1 -1 0 
304 6 150 362 153 118 -1 -1 -1 0 
305 18 0 363 47 117 -1 -1 -1 0 
305 16 276 157 364 323 -1 -1 -1 0 
305 6 150 362 152 118 -1 -1 -1 0 
306 18 0 363 48 117 -1 -1 -1 0 
306 16 278 158 362 322 -1 -1 -1 0 
306 6 150 361 152 119 -1 -1 -1 0 
307 18 0 363 47 117 -1 -1 -1 0 
307 16 278 157 362 323 -1 -1 -1 0 
307 6 150 361 152 119 -1 -1 -1 0 
308 18 0 363 47 117 -1 -1 -1 0 
308 16 279 157 361 323 -1 -1 -1 0 
308 6 150 361 152 119 -1 -1 -1 0 
309 18 0 363 47 117 -1 -1 -1 0 
309 16 280 156 360 324 -1 -1 -1 0 
309 12 278 330 133 146 -1 -1 -1 0 
309 6 150 361 152 119 -1 -1 -1 0 
310 18 0 363 46 117 -1 -1 -1 0 
310 16 278 155 362 325 -1 -1 -1 0 
310 12 274 328 134 151 -1 -1 -1 0 
310 6 150 361 152 119 -1 -1 -1 0 
311 18 0 363 47 117 -1 -1 -1 0 
311 16 275 156 365 324 -1 -1 -1 0 
311 12 266 328 143 151 -1 -1 -1 0 
311 6 150 361 151 119 -1 -1 -1 0 
312 18 0 363 48 117 -1 -1 -1 0 
312 16 268 156 372 324 -1 -1 -1 0 
312 6 149 361 152 119 -1 -1 -1 0 
313 18 0 363 47 117 -1 -1 -1 0 
313 16 255 154 332 325 -1 -1 -1 0 
313 6 149 361 143 119 -1 -1 -1 0 
314 18 0 363 45 117 -1 -1 -1 0 
314 16 219 163 421 316 -1 -1 -1 0 
314 15 267 11 372 385 -1 -1 -1 0 
314 6 161 362 131 118 -1 -1 -1 0 
314 2 97 246 188 234 -1 -1 -1 0 
315 15 33 38 600 442 -1 -1 -1 0 
316 16 18 153 620 327 -1 -1 -1 0 
317 16 2 154 634 326 -1 -1 -1 0 
318 16 46 160 592 320 -1 -1 -1 0 
319 16 43 160 593 320 -1 -1 -1 0 
320 16 54 156 586 324 -1 -1 -1 0 
321 16 31 159 608 321 -1 -1 -1 0 
322 16 16 158 621 322 -1 -1 -1 0 
323 16 28 155 611 324 -1 -1 -1 0 
324 16 10 157 627 323 -1 -1 -1 0 
325 16 80 155 560 324 -1 -1 -1 0 
326 16 27 155 612 324 -1 -1 -1 0 
327 16 19 156 620 324 -1 -1 -1 0 
328 16 24 157 616 323 -1 -1 -1 0 
329 16 274 159 365 321 -1 -1 -1 0 
329 2 135 350 155 130 -1 -1 -1 0 
330 16 277 169 362 311 -1 -1 -1 0 
330 12 273 331 121 147 -1 -1 -1 0 
330 2 135 351 155 129 -1 -1 -1 0 
331 16 272 171 367 309 -1 -1 -1 0 
331 2 136 352 155 128 -1 -1 -1 0 
332 16 274 169 365 311 -1 -1 -1 0 
332 2 135 353 157 127 -1 -1 -1 0 
333 16 274 166 365 314 -1 -1 -1 0 
333 2 135 353 158 127 -1 -1 -1 0 
334 16 274 166 364 314 -1 -1 -1 0 
334 2 136 353 157 127 -1 -1 -1 0 
335 18 0 373 23 107 -1 -1 -1 0 
335 16 274 168 365 312 -1 -1 -1 0 
335 2 136 353 157 127 -1 -1 -1 0 
336 18 0 372 30 108 -1 -1 -1 0 
336 16 273 168 366 312 -1 -1 -1 0 
336 2 136 353 156 127 -1 -1 -1 0 
337 18 0 372 28 108 -1 -1 -1 0 
337 16 271 167 367 313 -1 -1 -1 0 
337 2 136 353 155 127 -1 -1 -1 0 
338 18 0 372 24 108 -1 -1 -1 0 
338 16 270 166 368 314 -1 -1 -1 0 
338 2 136 353 154 127 -1 -1 -1 0 
339 16 268 162 372 318 -1 -1 -1 0 
339 2 136 353 154 127 -1 -1 -1 0 
340 16 137 161 502 319 -1 -1 -1 0 
341 16 177 158 461 322 -1 -1 -1 0 
342 16 177 163 461 316 -1 -1 -1 0 
343 16 178 162 460 318 -1 -1 -1 0 
344 16 173 163 466 317 -1 -1 -1 0 
345 16 125 161 514 319 -1 -1 -1 0 
346 19 1 403 123 77 -1 -1 -1 0 
347 16 230 163 409 317 -1 -1 -1 0 
348 16 245 160 394 319 -1 -1 -1 0 
349 16 271 163 369 316 -1 -1 -1 0 
349 6 220 352 69 128 -1 -1 -1 0 
350 16 269 159 370 321 -1 -1 -1 0 
350 6 227 353 62 127 -1 -1 -1 0 
351 16 272 161 368 318 -1 -1 -1 0 
352 16 304 162 336 318 -1 -1 -1 0 
353 16 268 165 368 314 -1 -1 -1 0 
353 2 51 352 241 128 -1 -1 -1 0 
354 16 267 168 373 312 -1 -1 -1 0 
354 2 67 352 225 128 -1 -1 -1 0 
355 16 263 166 377 314 -1 -1 -1 0 
355 2 67 352 225 128 -1 -1 -1 0 
356 16 264 167 375 312 -1 -1 -1 0 
356 2 69 354 223 126 -1 -1 -1 0 
357 16 270 170 370 310 -1 -1 -1 0 
357 2 140 355 152 125 -1 -1 -1 0 
358 16 270 173 369 307 -1 -1 -1 0 
358 2 142 355 149 125 -1 -1 -1 0 
359 16 269 172 370 308 -1 -1 -1 0 
359 2 142 355 152 125 -1 -1 -1 0 
360 16 269 169 370 311 -1 -1 -1 0 
360 2 143 355 152 125 -1 -1 -1 0 
361 16 267 166 372 314 -1 -1 -1 0 
361 2 142 355 155 125 -1 -1 -1 0 
362 15 268 162 372 318 -1 -1 -1 0 
362 2 89 355 207 125 -1 -1 -1 0 
363 16 270 163 370 316 -1 -1 -1 0 
363 2 80 354 217 126 -1 -1 -1 0 
364 16 269 164 370 316 -1 -1 -1 0 
364 2 81 354 216 126 -1 -1 -1 0 
365 16 269 163 369 317 -1 -1 -1 0 
365 2 78 354 218 126 -1 -1 -1 0 
366 16 269 164 369 316 -1 -1 -1 0 
366 2 77 354 219 126 -1 -1 -1 0 
367 16 268 164 371 316 -1 -1 -1 0 
367 2 79 354 217 126 -1 -1 -1 0 
368 16 266 161 373 319 -1 -1 -1 0 
368 2 169 355 125 125 -1 -1 -1 0 
369 16 268 165 370 315 -1 -1 -1 0 
369 2 141 355 154 125 -1 -1 -1 0 
370 16 264 161 375 319 -1 -1 -1 0 
370 2 142 355 150 125 -1 -1 -1 0 
371 15 265 162 375 318 -1 -1 -1 0 
371 2 141 354 150 126 -1 -1 -1 0 
372 16 253 163 386 317 -1 -1 -1 0 
372 2 129 354 157 126 -1 -1 -1 0 
373 15 264 154 376 326 -1 -1 -1 0 
373 2 107 354 185 126 -1 -1 -1 0 
374 15 269 148 369 332 -1 -1 -1 0 
374 2 142 354 150 126 -1 -1 -1 0 
375 15 250 146 389 333 -1 -1 -1 0 
375 2 141 354 137 126 -1 -1 -1 0 
376 15 255 139 384 341 -1 -1 -1 0 
376 2 142 354 148 126 -1 -1 -1 0 
377 15 242 137 398 342 -1 -1 -1 0 
377 2 141 353 140 127 -1 -1 -1 0 
378 20 434 446 30 34 -1 -1 -1 0 
378 15 236 132 404 347 -1 -1 -1 0 
378 2 139 352 144 128 -1 -1 -1 0 
379 15 239 133 400 347 -1 -1 -1 0 
379 2 140 352 150 128 -1 -1 -1 0 
380 15 242 133 397 346 -1 -1 -1 0 
380 2 133 349 154 131 -1 -1 -1 0 
381 15 248 139 391 340 -1 -1 -1 0 
381 2 124 346 158 134 -1 -1 -1 0 
382 15 243 143 396 337 -1 -1 -1 0 
382 2 116 344 154 136 -1 -1 -1 0 
383 19 0 370 33 110 -1 -1 -1 0 
383 15 239 139 401 340 -1 -1 -1 0 
383 2 108 344 153 136 -1 -1 -1 0 
384 18 0 371 50 109 -1 -1 -1 0 
384 15 232 139 408 340 -1 -1 -1 0 
384 2 104 343 154 137 -1 -1 -1 0 
385 18 0 371 54 109 -1 -1 -1 0 
385 15 229 138 411 341 -1 -1 -1 0 
385 2 102 342 155 138 -1 -1 -1 0 
386 18 0 369 53 111 -1 -1 -1 0 
386 15 240 143 399 336 -1 -1 -1 0 
386 2 103 343 155 137 -1 -1 -1 0 
387 18 0 368 50 112 -1 -1 -1 0 
387 15 238 142 401 337 -1 -1 -1 0 
387 2 105 343 153 137 -1 -1 -1 0 
388 18 0 367 48 113 -1 -1 -1 0 
388 15 237 141 402 338 -1 -1 -1 0 
388 2 105 343 154 137 -1 -1 -1 0 
389 18 0 366 48 114 -1 -1 -1 0 
389 15 236 139 404 340 -1 -1 -1 0 
389 2 107 343 153 137 -1 -1 -1 0 
390 18 0 366 47 114 -1 -1 -1 0 
390 15 236 139 404 340 -1 -1 -1 0 
390 2 110 343 151 137 -1 -1 -1 0 
391 18 0 365 47 115 -1 -1 -1 0 
391 15 238 140 402 339 -1 -1 -1 0 
391 2 115 343 152 137 -1 -1 -1 0 
392 18 0 365 46 115 -1 -1 -1 0 
392 15 236 139 404 340 -1 -1 -1 0 
392 2 124 344 150 136 -1 -1 -1 0 
393 18 0 365 45 115 -1 -1 -1 0 
393 15 236 141 403 339 -1 -1 -1 0 
393 2 131 344 153 136 -1 -1 -1 0 
394 18 0 365 45 115 -1 -1 -1 0 
394 15 237 141 402 339 -1 -1 -1 0 
394 2 144 348 147 132 -1 -1 -1 0 
