1 2 275 56 364 424 -1 -1 -1 0 
1 1 120 352 149 128 -1 -1 -1 0 
2 3 277 338 125 142 -1 -1 -1 0 
2 2 332 101 308 378 -1 -1 -1 0 
2 1 121 353 148 127 -1 -1 -1 0 
3 3 280 339 122 141 -1 -1 -1 0 
3 2 358 115 281 364 -1 -1 -1 0 
3 1 120 353 149 127 -1 -1 -1 0 
4 3 276 339 125 141 -1 -1 -1 0 
4 2 359 112 281 367 -1 -1 -1 0 
4 1 121 354 149 126 -1 -1 -1 0 
5 3 278 340 123 140 -1 -1 -1 0 
5 2 362 118 278 361 -1 -1 -1 0 
5 1 121 354 148 126 -1 -1 -1 0 
6 3 281 340 119 140 -1 -1 -1 0 
6 2 366 96 274 383 -1 -1 -1 0 
6 1 120 354 148 126 -1 -1 -1 0 
7 3 280 339 121 141 -1 -1 -1 0 
7 2 391 86 249 393 -1 -1 -1 0 
7 1 120 354 150 126 -1 -1 -1 0 
8 3 275 340 127 140 -1 -1 -1 0 
8 2 392 89 248 390 -1 -1 -1 0 
8 1 121 354 150 126 -1 -1 -1 0 
9 3 280 341 121 139 -1 -1 -1 0 
9 2 368 97 272 382 -1 -1 -1 0 
9 1 120 354 150 126 -1 -1 -1 0 
10 3 279 342 124 138 -1 -1 -1 0 
10 2 385 102 255 377 -1 -1 -1 0 
10 1 120 354 150 126 -1 -1 -1 0 
11 3 278 342 127 138 -1 -1 -1 0 
11 2 399 94 241 385 -1 -1 -1 0 
11 1 118 357 152 123 -1 -1 -1 0 
12 3 272 342 130 138 -1 -1 -1 0 
12 2 367 80 273 399 -1 -1 -1 0 
12 1 117 364 151 116 -1 -1 -1 0 
13 2 306 56 333 423 -1 -1 -1 0 
13 1 114 367 149 113 -1 -1 -1 0 
14 2 256 57 384 422 -1 -1 -1 0 
14 1 113 367 150 113 -1 -1 -1 0 
15 2 232 54 407 425 -1 -1 -1 0 
15 1 111 369 148 111 -1 -1 -1 0 
16 2 219 60 421 419 -1 -1 -1 0 
16 1 109 366 147 114 -1 -1 -1 0 
17 2 211 58 429 421 -1 -1 -1 0 
17 1 104 363 152 117 -1 -1 -1 0 
18 2 220 62 419 417 -1 -1 -1 0 
18 1 101 363 158 117 -1 -1 -1 0 
19 2 223 63 416 416 -1 -1 -1 0 
19 1 101 362 165 118 -1 -1 -1 0 
20 2 241 62 398 417 -1 -1 -1 0 
20 1 104 362 165 118 -1 -1 -1 0 
21 2 260 70 378 409 -1 -1 -1 0 
21 1 105 362 166 118 -1 -1 -1 0 
22 2 258 68 381 411 -1 -1 -1 0 
22 1 106 362 168 118 -1 -1 -1 0 
23 2 269 69 369 410 -1 -1 -1 0 
23 1 107 362 164 118 -1 -1 -1 0 
24 2 266 74 373 405 -1 -1 -1 0 
24 1 107 362 169 118 -1 -1 -1 0 
25 2 264 78 375 401 -1 -1 -1 0 
25 1 108 362 167 118 -1 -1 -1 0 
26 2 260 80 379 399 -1 -1 -1 0 
26 1 108 362 165 118 -1 -1 -1 0 
27 2 259 81 380 398 -1 -1 -1 0 
27 1 109 363 164 117 -1 -1 -1 0 
28 2 265 80 374 399 -1 -1 -1 0 
28 1 109 363 164 117 -1 -1 -1 0 
29 2 266 77 373 402 -1 -1 -1 0 
29 1 108 363 164 117 -1 -1 -1 0 
30 2 274 76 364 403 -1 -1 -1 0 
30 1 108 363 164 117 -1 -1 -1 0 
31 2 285 83 355 396 -1 -1 -1 0 
31 1 108 363 164 117 -1 -1 -1 0 
32 2 291 84 349 395 -1 -1 -1 0 
32 1 108 363 164 117 -1 -1 -1 0 
33 3 284 339 105 140 -1 -1 -1 0 
33 2 294 83 346 396 -1 -1 -1 0 
33 1 108 363 165 117 -1 -1 -1 0 
34 3 284 339 103 141 -1 -1 -1 0 
34 2 303 82 337 397 -1 -1 -1 0 
34 1 108 363 164 117 -1 -1 -1 0 
35 3 280 340 105 140 -1 -1 -1 0 
35 2 291 81 349 398 -1 -1 -1 0 
35 1 109 363 162 117 -1 -1 -1 0 
36 2 290 81 350 398 -1 -1 -1 0 
36 1 108 363 163 117 -1 -1 -1 0 
37 3 278 340 105 140 -1 -1 -1 0 
37 2 287 80 353 399 -1 -1 -1 0 
37 1 108 363 164 117 -1 -1 -1 0 
